frame,area (px)1053060
1059459
1068912
1075230
1081551
1086254
1090545
1090138
1086285
1082843
1082589
1088009
1091656
1096054
1099661
1102898
1110751
1114590
1117199
1116069
1115617
1118215
1121016
1121883
1121246
1117533
1114549
1113502
1104418
1094117
1089646
1083795
1077902
1072358
1068838
1066819
1061330
1057622
1054779
1052194
1050641
1051397
1050187
1048907
1052570
1054164
1055428
1064530
1074753
1083678
1087703
1093590
1096884
1097553
1094011
1084725
1079013
1080136
1084026
1086215
1092863
1096849
1091984
1090034
1090538
1091059
1091483
1097430
1103603
1105014
1105119
1107263
1112613
1114532
1117960
1122622
1125612
1127740
1129311
1129387
1131682
1132245
1131157
1126650
1124914
1120317
1114888
1116008
1116006
1118135
1118136
1119415
1123135
1125920
1121529
1118066
1120393
1120146
1116774
1113878
1113691
1117284
1122983
1124431
1125792
1128582
1133807
1134886
1134916
1134045
1131324
1128952
1127972
1128218
1129524
1132905
1135652
1138756
1140789
1139937
1138127
1137117
1135747
1130664
1121580
1111888
1105052
1106352
1116213
1125533
1138238
1156568
1171735
1179501
1185414
1190779
1183005
1173826
1163789
1150931
1143696
1134265
1123977
1113588
1107432
1103630
1099146
1098127
1104988
1116824
1122528
1125469
1129763
1131090
1126230
1115914
1104909
1095766
1085019
1071235
1058563
1051086
1045497
1043207
1043000
1045199
1046770
1052131
1064356
1075654
1081743
1085649
1084819
1081405
1081690
1080867
1081767
1084643
1089927
1096521
1099853
1103114
1107845
1109284
1110363
1109258
1107329
1108262
1105047
1099776
1095510
1092074
1088737
1084094
1081117
1077557
1074165
1069838
1061964
1056809
1054330
1053460
1049183
1046308
1045662
1826123
1825840
1825123
1824797
1821746
1821431
1822172
1822373
1822830
1823738
1824343
1824646
1824929
1825544
1825578
1824889
1824140
1823085
1822875
1823299
1823303
1822943
1823102
1823208
1822767
1822620
1821759
1821640
1821353
1819604
1819047
1819409
1819247
1819267
1819745
1820309
1821238
1822194
1823152
1822969
1824092
1824785
1825374
1826339
1826383
1825779
1825924
1826008
1826456
1826019
1825428
1825292
1825570
1825538
1825772
1827139
1828127
1828252
1828187
1827512
1827942
1828132
1827583
1827388
1828037
1828762
1830038
1830690
1830752
1830310
1828922
1827421
1826247
1825063
1824805
1824176
1823542
1822160
1821034
1820234
1819885
1819622
1819758
1819286
1818238
1816280
1813820
1811895
998311
1005520
1006693
1003445
1000491
996916
990713
980841
968700
958292
948353
943036
943172
941822
938020
938392
943184
943421
942502
943919
947071
954880
965643
972649
975906
979874
977252
973244
969852
964172
962033
958900
957436
1822276
1820040
1819371
1819825
1820591
1820997
1820644
1820688
1820759
940814
942345
949755
960336
965457
970255
966856
959580
956752
952997
949118
1825654
1826645
1826664
1826289
1826095
1826581
1826374
1825752
1826499
1827928
1829452
1830205
1830591
1830493
1830561
1830659
1830581
1831153
1831441
1831375
1831245
1830756
1830432
1830608
1830728
1830846
1831252
1832620
1834359
1835046
1836077
1837016
1836929
1837058
1837726
1837590
1837372
1837199
1836636
1837058
1836691
1836602
1836724
1836855
1836234
1836264
1836167
1836035
1835739
1835674
1835972
1836593
1836401
1836714
1836134
1835424
1834210
1834073
1834544
1835714
1835880
1835857
1836355
1836925
1836288
1835618
1835750
1836576
1836362
1835699
1835061
1835398
1835627
1835460
1835087
1834770
1834478
1835238
1836049
1836152
1835784
1835870
1835873
1835624
1835431
1835980
1835746
1834838
1834091
1834316
1834138
1835406
1836801
1838192
1838440
1839060
1839705
1840257
1840159
1839991
1839539
1840219
1840244
1840690
1841164
1841015
1840761
1840803
1841117
1841993
1842879
1842921
1842112
1841865
1841562
1841257
1841131
1841497
1842041
1841733
1840906
1840080
1838927
1838120
1837058
1836599
1836731
1837580
1837977
1840116
1840691
1841490
1841070
1840933
1841330
1840936
1839746
1839081
1838856
1838339
1837504
1836948
1837138
1837003
1835757
1835430
1835376
1835780
1835714
1835785
1836444
1836953
1836251
1836116
1836258
1836386
1836273
1835998
1836871
1838198
1839995
1840056
1840257
1840302
1840295
1839854
1839222
1839196
1838781
1837827
1837192
1836932
1837210
1837088
1836778
1837092
1836935
1837316
1837485
1837559
1837738
1837893
1837566
1836823
1836044
1835591
1836431
1838090
1838236
1837819
1837993
1839177
1839371
1840259
1841090
1841570
1842236
1840646
1839496
1838411
1837260
1836014
1835012
1835369
1836370
1838370
1837873
1838869
1839197
1839187
1838883
1838723
1838851
1838747
1837965
1836989
1835953
1835199
1834658
1834876
1835570
1835705
1836180
1836858
1836747
1836691
1836264
1835754
1835125
1834739
1835558
1836451
1836791
1836995
1837017
1836253
1835711
1835648
1833993
1832261
1831722
1831465
1831123
1831273
1832880
1833503
1833468
1832111
1830386
1829377
1829039
1828669
1828233
1828271
1828314
1829013
1829321
1829166
1828725
1828739
1828490
1829559
1830047
1830693
1830433
1830843
1831170
1831577
1831002
1831071
1830095
1829507
1828914
1828716
1828453
1828367
1828793
1829446
1830057
1830440
1830484
1831084
1830548
1829721
1829912
1830661
1831230
1831535
1831242
1831204
1831053
1830710
1830149
1830323
1830240
1829796
1828784
1827865
1827052
1826697
1826494
1826979
1826999
1826948
1825815
1825362
1825445
1825979
1825925
1825915
1826184
1827314
1828112
1828054
1827739
1828083
1827677
1829035
1830677
1831269
1831347
1832053
1832374
1832837
1833717
1834292
1835258
1836802
1837666
1838616
1839299
1839464
1839673
1839812
1840410
1841215
1840566
1839814
1839397
1838815
1837573
1837353
1837414
1837596
1837828
1838080
1838366
1838484
1838138
1837199
1836754
1836410
1836315
1836884
1837085
1837548
1838221
1839114
1839530
1839695
1839431
1838856
1838001
1837698
1838137
1838504
1838463
1838055
1838050
1838332
1837688
1837941
1838683
1839135
1839050
1838989
1838903
1838860
1838690
1838486
1837716
1837239
1837050
1836361
1836410
1836526
1836420
1836060
1835731
1835491
1835674
1836153
1836662
1837226
1837465
1837532
1837183
1838322
1839136
1839167
1838761
1838565
1837796
1837602
1836862
1836365
1836471
1836322
1835582
1835136
1834752
1833911
1833729
1833396
1833017
1832943
1832016
1831793
1832434
1833087
1831472
1831544
1831366
1830945
1830572
1830941
1831450
1831822
1831668
1831726
1831382
1831409
1831523
1831542
1831159
1831437
1831345
1831036
1830786
1830706
1830600
1831365
1831321
1832114
1832669
1833374
1833743
1834131
1833970
1833503
1832434
1832615
1833618
1833635
1834277
1834834
1835442
1836420
1837027
1837999
1838710
1839220
1839292
1840540
1841681
1841901
1841931
1842158
1842631
1842951
1843293
1843941
1844072
1844250
1844559
1844794
1845017
1845695
1845295
1845232
1844811
1844406
1843739
1843339
1843498
1843466
1844493
1845514
1846537
1846321
1845112
1844777
1844323
1843416
1843127
1843962
1844568
1845272
1845953
1846798
1848895
1850157
1850261
1850828
1851624
1852136
1852008
1852251
1853384
1854080
1853756
1853028
1852927
1853536
1853748
1853978
1853617
1853289
1852911
1852657
1852279
1851876
1851253
1851696
1851928
1851806
1851079
1850761
1850790
1850411
1850593
1850822
1851255
1851628
1851548
1851689
1851638
1851584
1851069
1850552
1851681
1852892
1852339
1851563
1851551
1851630
1851158
1850384
1849927
1849901
1849095
1848581
1848077
1848592
1848324
